aDNA Read Classifier — Full Evaluation
==================================================================================================================================
Test set: 311,995 reads  (25.0% ancient / 75.0% modern)

── At Youden J threshold ──
Method                           ROC-AUC    PR-AUC      Sens      Spec       PPV       NPV        F1       Acc    BalAcc       MCC
----------------------------------------------------------------------------------------------------------------------------------
  Evo2 (per-base + read LL)       0.7255    0.4720    0.7039    0.6120    0.3768    0.8611    0.4909    0.6350    0.6579    0.2741
  Evo2 (per-base)                 0.7285    0.4749    0.6669    0.6533    0.3907    0.8547    0.4927    0.6567    0.6601    0.2804
  Seq-only                        0.6491    0.4006    0.5636    0.6467    0.3471    0.8164    0.4296    0.6259    0.6051    0.1854

── At best-MCC threshold (recommended) ──
Method                           ROC-AUC    PR-AUC      Sens      Spec       PPV       NPV        F1       Acc    BalAcc       MCC
----------------------------------------------------------------------------------------------------------------------------------
  Evo2 (per-base + read LL)       0.7255    0.4720    0.5480    0.7526    0.4247    0.8332    0.4786    0.7014    0.6503    0.2784
  Evo2 (per-base)                 0.7285    0.4749    0.5852    0.7257    0.4156    0.8400    0.4860    0.6906    0.6554    0.2819
  Seq-only                        0.6491    0.4006    0.3085    0.8685    0.4388    0.7903    0.3623    0.7285    0.5885    0.2014

── At best-F1 threshold ──
Method                           ROC-AUC    PR-AUC      Sens      Spec       PPV       NPV        F1       Acc    BalAcc       MCC
----------------------------------------------------------------------------------------------------------------------------------
  Evo2 (per-base + read LL)       0.7255    0.4720    0.7039    0.6120    0.3768    0.8611    0.4909    0.6350    0.6579    0.2741
  Evo2 (per-base)                 0.7285    0.4749    0.6723    0.6478    0.3889    0.8557    0.4927    0.6540    0.6601    0.2798
  Seq-only                        0.6491    0.4006    0.6524    0.5498    0.3257    0.8259    0.4345    0.5755    0.6011    0.1751

── At fixed threshold = 0.50 ──
Method                           ROC-AUC    PR-AUC      Sens      Spec       PPV       NPV        F1       Acc    BalAcc       MCC
----------------------------------------------------------------------------------------------------------------------------------
  Evo2 (per-base + read LL)       0.7255    0.4720    0.2746    0.9215    0.5384    0.7922    0.3637    0.7598    0.5981    0.2546
  Evo2 (per-base)                 0.7285    0.4749    0.2258    0.9433    0.5705    0.7852    0.3235    0.7640    0.5846    0.2453
  Seq-only                        0.6491    0.4006    0.1434    0.9595    0.5414    0.7707    0.2267    0.7555    0.5514    0.1792

── Optimal thresholds per model ──
  Method                            Youden    Best-MCC     Best-F1
  ------------------------------------
  Evo2 (per-base + read LL)         0.4185      0.4461      0.4185
  Evo2 (per-base)                   0.4180      0.4314      0.4170
  Seq-only                          0.3789      0.4412      0.3604

── Full threshold sweep — Evo2 (per-base + read LL) ──
     Thr     Sens     Spec      PPV      NPV       F1      Acc   BalAcc      MCC        TP        FP        FN        TN
  ------------------------------------------------------------------------------------------------------------
    0.05   1.0000   0.0042   0.2508   1.0000   0.4010   0.2531   0.5021   0.0323    77,999   233,020         0       976
    0.07   0.9999   0.0125   0.2524   0.9986   0.4030   0.2594   0.5062   0.0559    77,995   231,070         4     2,926
    0.10   0.9999   0.0205   0.2539   0.9981   0.4049   0.2654   0.5102   0.0717    77,990   229,195         9     4,801
    0.12   0.9998   0.0283   0.2554   0.9979   0.4068   0.2711   0.5140   0.0843    77,985   227,385        14     6,611
    0.15   0.9997   0.0355   0.2568   0.9974   0.4086   0.2766   0.5176   0.0947    77,977   225,679        22     8,317
    0.17   0.9996   0.0430   0.2583   0.9971   0.4105   0.2821   0.5213   0.1043    77,970   223,945        29    10,051
    0.20   0.9994   0.0511   0.2599   0.9964   0.4125   0.2882   0.5253   0.1139    77,956   222,032        43    11,964
    0.22   0.9991   0.0620   0.2620   0.9951   0.4152   0.2963   0.5305   0.1253    77,927   219,489        72    14,507
    0.25   0.9985   0.0758   0.2648   0.9934   0.4186   0.3065   0.5372   0.1385    77,881   216,255       118    17,741
    0.27   0.9968   0.0962   0.2688   0.9892   0.4234   0.3213   0.5465   0.1549    77,753   211,497       246    22,499
    0.30   0.9923   0.1274   0.2749   0.9803   0.4305   0.3436   0.5599   0.1748    77,399   204,185       600    29,811
    0.32   0.9802   0.1769   0.2842   0.9640   0.4406   0.3777   0.5786   0.1974    76,452   192,593     1,547    41,403
    0.35   0.9504   0.2568   0.2989   0.9395   0.4548   0.4302   0.6036   0.2223    74,132   173,897     3,867    60,099
    0.37   0.8932   0.3675   0.3201   0.9117   0.4713   0.4989   0.6303   0.2458    69,667   147,999     8,332    85,997
    0.40   0.7970   0.5064   0.3499   0.8821   0.4863   0.5791   0.6517   0.2653    62,166   115,500    15,833   118,496
    0.42   0.6650   0.6497   0.3876   0.8533   0.4897   0.6535   0.6574   0.2754    51,870    81,962    26,129   152,034
    0.45   0.5250   0.7697   0.4318   0.8294   0.4739   0.7086   0.6474   0.2775    40,953    53,884    37,046   180,112
    0.47   0.3856   0.8626   0.4833   0.8081   0.4289   0.7433   0.6241   0.2689    30,075    32,156    47,924   201,840
    0.50   0.2746   0.9215   0.5384   0.7922   0.3637   0.7598   0.5981   0.2546    21,421    18,368    56,578   215,628
    0.53   0.1865   0.9588   0.6012   0.7795   0.2846   0.7657   0.5726   0.2351    14,544     9,649    63,455   224,347
    0.55   0.1227   0.9789   0.6600   0.7700   0.2070   0.7649   0.5508   0.2091     9,573     4,932    68,426   229,064
    0.57   0.0794   0.9893   0.7123   0.7633   0.1430   0.7618   0.5344   0.1808     6,197     2,503    71,802   231,493
    0.60   0.0500   0.9946   0.7563   0.7585   0.0938   0.7585   0.5223   0.1516     3,902     1,257    74,097   232,739
    0.62   0.0322   0.9972   0.7944   0.7556   0.0620   0.7560   0.5147   0.1273     2,515       651    75,484   233,345
    0.65   0.0200   0.9986   0.8306   0.7535   0.0390   0.7540   0.5093   0.1043     1,559       318    76,440   233,678
    0.68   0.0119   0.9994   0.8669   0.7521   0.0235   0.7525   0.5057   0.0837       931       143    77,068   233,853
    0.70   0.0067   0.9997   0.8849   0.7512   0.0133   0.7515   0.5032   0.0639       523        68    77,476   233,928
    0.72   0.0039   0.9999   0.9029   0.7507   0.0078   0.7509   0.5019   0.0498       307        33    77,692   233,963
    0.75   0.0027   0.9999   0.9289   0.7505   0.0053   0.7506   0.5013   0.0421       209        16    77,790   233,980
    0.78   0.0013   1.0000   0.9459   0.7502   0.0027   0.7503   0.5007   0.0303       105         6    77,894   233,990
    0.80   0.0007   1.0000   0.9483   0.7501   0.0014   0.7502   0.5003   0.0220        55         3    77,944   233,993
    0.82   0.0003   1.0000   1.0000   0.7501   0.0007   0.7501   0.5002   0.0158        26         0    77,973   233,996
    0.85   0.0002   1.0000   1.0000   0.7500   0.0003   0.7500   0.5001   0.0112        13         0    77,986   233,996
    0.88   0.0001   1.0000   1.0000   0.7500   0.0001   0.7500   0.5000   0.0062         4         0    77,995   233,996
    0.90   0.0000   1.0000   0.0000   0.7500   0.0000   0.7500   0.5000   0.0000         0         0    77,999   233,996
    0.92   0.0000   1.0000   0.0000   0.7500   0.0000   0.7500   0.5000   0.0000         0         0    77,999   233,996
    0.95   0.0000   1.0000   0.0000   0.7500   0.0000   0.7500   0.5000   0.0000         0         0    77,999   233,996

Metric definitions:
  Sens   = Sensitivity / Recall / TPR = TP / (TP + FN)
  Spec   = Specificity / TNR           = TN / (TN + FP)
  PPV    = Precision                   = TP / (TP + FP)
  NPV    = Negative Predictive Value   = TN / (TN + FN)
  F1     = 2 * PPV * Sens / (PPV + Sens)
  MCC    = Matthews Correlation Coefficient ∈ [−1, 1]
  BalAcc = (Sensitivity + Specificity) / 2
  Random PR baseline = 0.2500 (class prevalence)